%YAML:1.0
cameraMatrix: !!opencv-matrix
   rows: 3
   cols: 3
   dt: d
   data: [ 3.7107274341519957e+02, 0., 2.5839321905595222e+02, 0.,
       3.7091845338309139e+02, 2.1007635248884731e+02, 0., 0., 1. ]
distortionCoefficients: !!opencv-matrix
   rows: 1
   cols: 5
   dt: d
   data: [ 1.2727053442808614e-01, -2.9056507253673303e-01,
       3.5995496091573804e-03, 5.7772501024255301e-03,
       8.6931979468073059e-02 ]
rotation: !!opencv-matrix
   rows: 3
   cols: 3
   dt: d
   data: [ 1., 0., 0., 0., 1., 0., 0., 0., 1. ]
projection: !!opencv-matrix
   rows: 4
   cols: 4
   dt: d
   data: [ 3.7107274341519957e+02, 0., 2.5839321905595222e+02, 0., 0.,
       3.7091845338309139e+02, 2.1007635248884731e+02, 0., 0., 0., 1.,
       0., 0., 0., 0., 1. ]
