%YAML:1.0
cameraMatrix: !!opencv-matrix
   rows: 3
   cols: 3
   dt: d
   data: [ 1.0888034642062116e+03, 0., 1.0000107470160323e+03, 0.,
       1.0870743157269033e+03, 5.5420730591259110e+02, 0., 0., 1. ]
distortionCoefficients: !!opencv-matrix
   rows: 1
   cols: 5
   dt: d
   data: [ 7.2572553074526799e-02, -6.1790892687818039e-02,
       1.3883020193367049e-03, 6.5005761210710188e-03,
       1.0663671094452310e-02 ]
rotation: !!opencv-matrix
   rows: 3
   cols: 3
   dt: d
   data: [ 1., 0., 0., 0., 1., 0., 0., 0., 1. ]
projection: !!opencv-matrix
   rows: 4
   cols: 4
   dt: d
   data: [ 1.0888034642062116e+03, 0., 1.0000107470160323e+03, 0., 0.,
       1.0870743157269033e+03, 5.5420730591259110e+02, 0., 0., 0., 1.,
       0., 0., 0., 0., 1. ]
