%YAML:1.0
rotation: !!opencv-matrix
   rows: 3
   cols: 3
   dt: d
   data: [ 9.9996062330844682e-01, 8.8249304178904739e-03,
       9.3404266596835788e-04, -8.8352904054388934e-03,
       9.9989206219518745e-01, 1.1738892729170123e-02,
       -8.3034693593537980e-04, -1.1746683028616851e-02,
       9.9993066057691782e-01 ]
translation: !!opencv-matrix
   rows: 3
   cols: 1
   dt: d
   data: [ -5.3028995891785530e-02, -3.6861344430376403e-04,
       7.9400527972705894e-03 ]
essential: !!opencv-matrix
   rows: 3
   cols: 3
   dt: d
   data: [ 7.0458749342425291e-05, -7.9348657801112336e-03,
       -4.6179531291130226e-04, 7.8957076800062007e-03,
       -5.5284439261634019e-04, 5.3032735239886455e-02,
       8.3712550813861645e-04, -5.3020019070380474e-02,
       -6.2215739362504426e-04 ]
fundamental: !!opencv-matrix
   rows: 3
   cols: 3
   dt: d
   data: [ 2.2593178871010553e-07, -2.5454385105917693e-05,
       4.7395062785918693e-03, 2.5358509942832176e-05,
       -1.7762995000752524e-06, 5.7023409008649752e-02,
       -1.1357117534941097e-02, -1.5874871452330966e-01, 1. ]
