%YAML:1.0
depthShift: -8.4694834535671983e+00
